Day,Revenue,d1
2,0.0007931910000000001,
3,0.8255417859999999,
4,0.32033228,-1.329958101
5,1.082554085,1.2674313109999997
6,0.107653784,-1.7371221059999997
7,0.49390136100000004,1.361147878
8,0.376698452,-0.503450486
9,0.304074848,0.044579305000000014
10,0.591747849,0.360296605
11,0.7310189009999999,-0.1484019490000001
12,1.111586215,0.2412962620000002
13,0.9609026890000001,-0.53125084
14,0.964013419,0.15379425599999985
15,0.9797318859999999,0.012607736999999952
16,1.085546892,0.09009653900000014
17,1.262549787,0.07118788899999995
18,1.331183307,-0.10836937499999988
19,1.4114297319999998,0.011612904999999563
20,1.7091167790000001,0.2174406220000007
21,1.735783527,-0.2710202990000006
22,1.760959886,-0.0014903889999997588
23,2.558601513,0.7724652680000001
24,1.48420495,-1.8720381900000003
25,2.089944633,1.680136246
26,2.840568572,0.1448842560000001
27,2.1622043069999997,-1.4289882040000004
28,3.113269737,1.6294296950000007
29,2.746580938,-1.3177542290000002
30,3.0792428189999996,0.6993506799999993
31,2.647838543,-0.7640661569999989
32,3.118230798,0.9017965309999991
33,2.4428884969999998,-1.1457345559999998
34,3.0424078089999997,1.2748616130000001
35,3.0128944389999996,-0.6290326820000001
36,3.290825745,0.30744467600000025
37,3.2740294160000003,-0.29472763499999965
38,3.586805202,0.32957211499999906
39,3.170426377,-0.7291546109999993
40,3.572077947,0.8180303949999996
41,2.6931304689999997,-1.280599048
42,2.399656142,0.5854731510000004
43,2.433776379,0.327594564
44,2.593848576,0.12595195999999964
45,3.323496491,0.5695757180000003
46,2.951387252,-1.1017571540000004
47,3.216948781,0.6376707680000004
48,2.877026963,-0.6054833470000003
49,3.057523831,0.5204186860000002
50,2.8584953289999997,-0.37952537000000053
51,2.5330825530000003,-0.12638427399999896
52,3.2239597210000004,1.0162899439999995
53,2.973617615,-0.9412192740000003
54,3.360834071,0.6375585620000002
55,2.31040157,-1.4376489570000004
56,1.843596513,0.5836274440000007
57,1.631977575,0.25518611899999977
58,1.644604449,0.22424581199999993
59,1.497246827,-0.1599844960000001
60,1.267859555,-0.08202964999999973
61,1.5872536940000002,0.548781411
62,2.131085418,0.22443758499999977
63,1.9950834590000002,-0.6798336829999998
64,2.330776602,0.47169510199999953
65,1.742724907,-0.9237448379999995
66,2.588660848,1.433987636
67,1.505169543,-1.929427246
68,2.226315816,1.804637578
69,2.973069578,0.025607488999999983
70,2.72388059,-0.9959427500000002
71,2.9640932739999997,0.48940167200000007
72,3.88820192,0.6838959620000007
73,3.938590458,-0.8737201080000006
74,5.138308366,1.1493293700000002
75,5.482323172,-0.8557031020000005
76,6.133334991,0.30699701300000015
77,6.366939392999999,-0.4174074170000006
78,6.434758029,-0.16578576599999817
79,6.102308899,-0.4002677660000016
80,6.236527145,0.4666673760000011
81,6.8159218589999995,0.44517646799999877
82,7.07286465,-0.32245192299999914
83,6.274130876,-1.0556765649999997
84,7.375977982,1.9005808799999997
85,6.916245052000001,-1.5615800359999996
86,7.4080502820000005,0.9515381599999992
87,7.863842943,-0.03601256900000038
88,6.783895049,-1.5357405549999994
89,7.583081086,1.8791339310000001
90,7.763779392999999,-0.6184877300000009
91,7.3445771220000005,-0.599900577999998
92,7.982311471,1.0569366199999983
93,6.946042708999999,-1.6740031110000002
94,7.495289392999999,1.5855154460000005
95,7.450862838,-0.5936732389999992
96,6.82734429,-0.5790919930000005
97,7.095401047999999,0.8915753059999991
98,6.322858273,-1.040599532999999
99,6.453783819,0.9034683210000001
100,6.90142039,0.31671102500000003
101,6.364222316,-0.9848346450000003
102,6.487956156,0.6609319139999998
103,6.055526888999999,-0.5561631070000006
104,6.4167776739999995,0.7936800520000009
105,6.695885552000001,-0.08214290699999882
106,6.381637205,-0.5933562250000026
107,6.151061938,0.0836730800000014
108,6.604086167999999,0.6835994969999994
109,7.181114215,0.12400381700000107
110,7.946744172000001,0.18860191000000004
111,8.034009599,-0.6783645300000023
112,8.034351705,-0.08692332099999689
113,7.9445314289999995,-0.0901623820000026
114,7.573324241,-0.28138691199999855
115,7.164514392999999,-0.03760266000000101
116,6.309727531,-0.44597701399999856
117,7.418626768999999,1.9636860999999985
118,7.00182315,-1.5257028569999989
119,8.029547488,1.444527957
120,7.330337859,-1.7269339670000008
121,7.606007772000001,0.9748795420000009
122,7.110366292999999,-0.7713113920000021
123,7.131337879,0.5166130650000023
124,6.76488602,-0.38742344500000137
125,7.260526894,0.8620927330000008
126,7.544141343,-0.21202642500000035
127,7.33093608,-0.49681971199999975
128,7.568258573,0.4505277559999996
129,7.486801357999999,-0.3187797080000001
130,8.117012517000001,0.711668374000002
131,7.4157668260000005,-1.3314568500000021
132,7.780389211,1.065868076
133,7.830950712999999,-0.3140608830000007
134,7.92206928,0.04055706500000156
135,7.76971031,-0.2434775370000004
136,8.176501818,0.5591504780000003
137,7.753128355,-0.8301649710000003
138,7.44780328,0.11804838799999917
139,6.606752799,-0.5357254059999992
140,7.60677813,1.8410758120000006
141,7.157498502999999,-1.4493049580000017
142,7.2184780470000005,0.5102591710000022
143,7.485049457000001,0.2055918659999989
144,7.152312945,-0.5993079220000004
145,7.506441261,0.686864828
146,7.029261517,-0.8313080599999996
147,7.06516091,0.5130791370000001
148,6.585496947,-0.5155633560000004
149,6.108246159,0.002413175000000045
150,5.9136731639999995,0.2826777929999995
151,6.844251596,1.1251514270000014
152,5.936896507999999,-1.8379335200000018
153,7.146617054,2.1170756340000016
154,5.698388373999999,-2.6579492260000013
155,6.41938589,2.169226196000001
156,5.351951701,-1.7884317050000007
157,6.013657257,1.7291397450000003
158,5.676967765,-0.9983950480000008
159,5.362054145,0.021775872000000973
160,5.136908683,0.08976815799999915
161,6.13872931,1.2269660890000011
162,5.468684959,-1.6718649780000012
163,5.457250359,0.6586097510000002
164,6.305916197,0.8601004380000008
165,6.15007653,-1.004505505000001
166,6.5658293070000004,0.5715924440000011
167,6.966321242,-0.015260842000000885
168,6.31170634,-1.0551068370000003
169,5.943952602,0.28686116400000117
170,5.841843614,0.265644749999999
171,6.681780332000001,0.9420457060000009
172,5.664625151,-1.8570918990000012
173,5.481281547999999,0.8338115779999997
174,5.671976497999999,0.374038553000001
175,5.188018593,-0.6746528549999997
176,5.6098637579999995,0.9058030699999993
177,4.907574806,-1.1241341169999988
178,5.437139336,1.2318534819999991
179,5.2982842660000005,-0.6684196
180,5.412603871,0.25317467499999946
181,5.674703941000001,0.1477804650000012
182,6.233395622000001,0.2965916109999993
183,5.964008868,-0.828078435000001
184,6.223849962,0.5292278480000014
185,6.179556586,-0.30413447000000016
186,5.921670524,-0.21359268600000103
187,6.2774057910000005,0.6136213290000017
188,5.871568902999999,-0.7615721550000023
189,5.816199182,0.35046716700000236
190,6.43853443,0.6777049689999988
191,5.90074056,-1.1601291179999995
192,6.213554554,0.8506078639999997
193,5.561818866,-0.9645496819999995
194,6.015062567999999,1.1049793899999987
195,6.245567733,-0.2227385369999988
196,5.617964732000001,-0.8581081659999992
197,6.047722332999999,1.0573606019999975
198,5.328600654,-1.1488792799999983
199,5.984050592999999,1.3745716179999992
200,5.7186702170000006,-0.9208303149999981
201,6.168549777999999,0.7152599369999972
202,6.419179952,-0.1992493869999974
203,6.7704558729999995,0.10064574699999795
204,6.460004712000001,-0.6617270819999979
205,5.973167431,-0.17638612000000187
206,5.589806568999999,0.10347641899999971
207,5.966559897000001,0.7601141900000021
208,6.50841071,0.16509748499999777
209,5.914158992999999,-1.1361025299999996
210,6.137185499,0.8172782230000015
211,6.701932741,0.3417207359999992
212,6.481133865,-0.7855461180000001
213,6.502357716000001,0.24202272700000016
214,7.223705866,0.7001242989999996
215,6.832373047999999,-1.1126809680000012
216,6.9463468939999995,0.5053066640000017
217,6.2392785360000005,-0.8210422039999994
218,7.064640345,1.5324301669999985
219,6.695172714,-1.1948294399999995
220,5.680079038,-0.6456260450000002
221,6.412772263,1.7477869010000004
222,5.811691618999999,-1.3337738690000007
223,6.18833241,0.9777214350000012
224,5.2801245230000005,-1.2848486780000004
225,6.278287558,1.906370921999999
226,6.708512399,-0.567938193999999
227,6.524116876,-0.6146203640000003
228,6.378960244,0.03923889100000011
229,6.434691767,0.20088815500000035
230,6.47520127,-0.015222020000000391
231,7.384317349,0.8686065759999995
232,7.651861894,-0.6415715339999997
233,8.701207112999999,0.7818006739999994
234,7.591809144,-2.158743187999998
235,8.133817813,1.6514066379999992
236,7.353039585,-1.3227868970000003
237,7.544987314,0.9727259569999998
238,7.065749819,-0.6711852240000002
239,7.550080449,0.963568125000001
240,7.568530826,-0.4658802530000008
241,6.781578804,-0.8054023990000001
242,6.518598196,0.5239714140000009
243,6.3657954629999995,0.11017787499999887
244,6.779827762,0.5668350320000011
245,6.517114237,-0.6767458240000002
246,6.705527436000001,0.45112672399999987
247,7.092380298999999,0.19843966399999857
248,7.058309661,-0.4209235009999981
249,6.5446087429999995,-0.4796302800000012
250,7.42956329,1.398655465000001
251,7.721857657999999,-0.592660179000001
252,6.502133156,-1.5120188699999986
253,7.391609269,2.109200614999999
254,6.989221405,-1.2918639769999993
255,7.45339929,0.8665657489999994
256,7.591757865,-0.32581931
257,7.7660849579999995,0.03596851799999978
258,8.361602643,0.4211905920000003
259,8.037333381,-0.9197869469999995
260,8.959983524,1.2469194049999999
261,9.15113802,-0.7314956470000009
262,8.905577837000001,-0.43671467899999783
263,9.415349311,0.7553316569999975
264,9.724684431,-0.20043635399999893
265,10.09011507,0.05609551899999943
266,10.25465961,-0.20088609899999987
267,9.549328447,-0.8698757029999982
268,10.08531775,1.2413204659999977
269,10.86821621,0.24690915700000104
270,10.43282617,-1.2182884999999999
271,11.15156592,1.154129789999999
272,10.64484963,-1.2254560399999992
273,10.96487737,0.8267440300000004
274,11.68964623,0.40474111999999884
275,10.89802648,-1.5163886099999981
276,11.15595137,1.0495446399999988
277,11.12450766,-0.28936859999999953
278,11.45453995,0.3614759999999979
279,10.88066325,-0.9039089899999979
280,11.39306098,1.0862744299999996
281,11.55030041,-0.35515829999999937
282,11.35877212,-0.34876772000000145
283,11.40012934,0.2328855100000009
284,10.80415319,-0.6373333700000003
285,10.95113957,0.7429625300000016
286,10.00965452,-1.088471430000002
287,10.63852616,1.5703566900000006
288,10.11305364,-1.154344159999999
289,10.009553599999998,0.4219724799999973
290,10.2115207,0.30546714000000286
291,10.17354697,-0.2399408300000001
292,9.849481019,-0.28609222100000054
293,10.24676663,0.7213515619999988
294,9.835264689,-0.8087875519999983
295,10.49314322,1.0693804719999989
296,9.603350087,-1.5476716639999992
297,9.24876006,0.5352031059999991
298,9.401037919,0.5068678860000002
299,9.939871378,0.38655559999999944
300,10.13535112,-0.3433537169999994
301,9.647129671,-0.683701190999999
302,10.78557055,1.6266623279999983
303,9.760365268,-2.163646160999999
304,10.3869437,1.6517837140000005
305,10.4788635,-0.5346586320000011
306,10.57752336,0.006740060000002046
307,10.47291662,-0.20326660000000274
308,10.40893697,0.040627090000000976
309,9.654938495,-0.6900188249999992
310,9.834805833999999,0.9338658139999989
311,9.425696511,-0.5889766619999985
312,9.55456512,0.5379779319999987
313,10.10855667,0.4251229410000015
314,9.526518729,-1.1360294910000022
315,10.03160103,1.087120242000001
316,9.68084097,-0.8558423609999988
317,9.70637883,0.37629791999999895
318,8.587347032,-1.144569658
319,9.048395345,1.5800801109999991
320,8.263694395,-1.2457492629999987
321,9.0399819,1.5609884550000004
322,9.163766036,-0.6525033690000015
323,9.518616967,0.23106679500000027
324,8.592423729,-1.2810441689999994
325,8.600153772999999,0.9339232819999985
326,8.899976886000001,0.2920930690000034
327,9.491880902,0.2920809029999969
328,9.119437222,-0.964347695999999
329,10.17182049,1.4248269479999998
330,10.15898941,-1.0652143479999996
331,10.88522035,0.7390620200000004
332,10.05228172,-1.5591695700000017
333,10.22987502,1.0105319300000009
334,9.841212706,-0.5662556139999992
335,10.49074993,1.0381995379999989
336,10.19191851,-0.9483686439999985
337,10.01436423,0.12127713999999834
338,9.99085923,0.15404928000000062
339,10.02681131,0.05945707999999961
340,9.525744753,-0.5370186369999992
341,9.765642633999999,0.7409644379999989
342,9.555497572,-0.4500429429999979
343,9.11228015,-0.2330723600000013
344,8.759691125,0.0906283969999997
345,9.249328092999999,0.8422259929999996
346,8.77552317,-0.9634418909999987
347,9.854105527,1.5523872799999996
348,10.25335772,-0.6793301639999996
349,9.984374800000001,-0.6682351129999997
350,11.06398076,1.3485888799999977
351,10.71010619,-1.4334805299999989
352,11.25761409,0.9013824700000015
353,10.60928267,-1.195839320000001
354,11.32932884,1.3683775899999997
355,11.16053242,-0.8888425900000012
356,11.33996004,0.3482240400000016
357,11.54239828,0.02301062000000087
358,11.79270684,0.04787031999999769
359,11.70526835,-0.3377470499999973
360,11.89753587,0.2797060099999982
361,11.78967252,-0.30013087000000027
362,11.61994787,-0.061861299999998565
363,11.96826033,0.5180371099999981
364,12.28792621,-0.028646579999998423
365,12.43813368,-0.16945841000000073
366,11.99189083,-0.5964503200000006
367,11.85068671,0.3050387300000015
368,12.26622586,0.5567432700000001
369,11.15803183,-1.5237331800000007
370,12.11997933,2.070141529999999
371,11.76873233,-1.313194499999998
372,11.12803578,-0.2894495500000023
373,10.86603266,0.378693430000002
374,10.23757712,-0.36645242000000167
375,10.14320748,0.5340859000000009
376,10.46689075,0.4180529100000001
377,10.69625935,-0.09431466999999927
378,10.45534182,-0.47028613000000163
379,10.83652579,0.6221015000000012
380,10.71043553,-0.5072742300000002
381,11.51680064,0.9324553699999996
382,11.29962526,-1.0235404900000002
383,12.04357266,0.961122780000002
384,12.37934218,-0.408177880000002
385,12.06734366,-0.647768039999999
386,11.21216257,-0.5431825700000008
387,10.75617064,0.3991891600000006
388,10.85446209,0.5542833799999993
389,10.62193078,-0.3308227600000002
390,10.39052456,0.0011250900000003838
391,11.32402028,1.16490194
392,11.23435857,-1.0231574299999995
393,10.63505592,-0.5096409400000006
394,11.86507245,1.8293191800000006
395,11.64172029,-1.4533686899999996
396,12.27268843,0.8543202999999995
397,12.12051353,-0.7831430400000006
398,12.51634578,0.5480071500000001
399,11.95056055,-0.9616174799999992
400,12.22118708,0.836411759999999
401,12.27182008,-0.21999353
402,12.28144634,-0.04100673999999849
403,12.05270478,-0.23836782000000234
404,12.42338133,0.599418110000002
405,11.85932698,-0.9347308999999999
406,11.73912658,0.4438539499999994
407,11.92291,0.3039838199999991
408,12.157616,0.050922580000001716
409,11.79346872,-0.5988532800000019
410,11.943077800000001,0.5137563600000021
411,11.36953639,-0.7231504900000019
412,11.64293102,0.846936040000001
413,10.89965094,-1.0166747100000002
414,11.51358095,1.3572100899999988
415,10.95912682,-1.1683841399999988
416,10.31231737,-0.09235531999999935
417,10.77773788,1.1122299599999987
418,11.03581856,-0.20733983000000045
419,11.04543669,-0.2484625499999975
420,11.63735871,0.5823038899999986
421,11.84817774,-0.3811029900000005
422,11.30317125,-0.7558255200000001
423,10.85196452,0.09379975999999957
424,11.58185214,1.1810943500000022
425,10.9251649,-1.3865748600000014
426,11.58242318,1.313945519999999
427,11.714175,-0.525506459999999
428,11.85870991,0.012783090000000996
429,12.4743538,0.47110897999999857
430,13.28181359,0.1918159000000017
431,12.38885091,-1.7004224700000012
432,12.69666202,1.2007737899999995
433,12.75891555,-0.24555757999999983
434,12.79436534,-0.0268037399999983
435,13.03626492,0.20644978999999886
436,12.61389051,-0.6642739900000016
437,13.20618288,1.0146667800000024
438,11.33646421,-2.46201104
439,12.33494046,2.8681949199999988
440,12.295265800000001,-1.0381509099999988
441,12.27980845,0.02421730999999916
442,12.42600982,0.16165872000000014
443,12.25776278,-0.3144484100000007
444,11.87191996,-0.2175957799999999
445,12.67618483,1.1901076900000014
446,12.1142837,-1.3661660000000015
447,11.96338146,0.4109988900000019
448,12.44743229,0.6349530699999981
449,12.72511952,-0.20636359999999954
450,12.511633300000002,-0.491173449999998
451,12.17234837,-0.1257987100000033
452,11.97771742,0.14465398000000107
453,12.23245368,0.4493672100000019
454,12.37410985,-0.11308009000000219
455,12.98195912,0.4661931000000017
456,12.49576931,-1.0940390800000017
457,13.41855217,1.4089726700000007
458,12.310697,-2.0306380300000004
459,11.70179391,0.49895208000000046
460,12.474609800000001,1.3817189800000023
461,12.30447328,-0.9429524100000037
462,11.91232484,-0.22201191999999814
463,12.06182155,0.541645149999999
464,11.82917264,-0.3821456199999993
465,11.82716412,0.23064039000000136
466,12.1895535,0.3643978999999984
467,11.78537286,-0.7665700199999996
468,11.63884845,0.2576562299999985
469,11.63896413,0.14664009000000178
470,11.88642246,0.24734265000000022
471,11.85488462,-0.278996170000001
472,11.84609015,0.022743370000000596
473,11.74862167,-0.08867401000000008
474,11.87811409,0.2269608999999999
475,12.20198435,0.19437783999999958
476,11.45912015,-1.0667344599999993
477,12.34953765,1.6332816999999995
478,11.87079189,-1.3691632600000005
479,12.42081087,1.0287647400000015
480,12.85218592,-0.11864393000000106
481,12.79460121,-0.4889597600000002
482,13.62608898,0.8890724800000012
483,13.22768706,-1.229889690000002
484,13.67048893,0.8412037900000016
485,13.02040072,-1.09289008
486,14.02855963,1.6582471200000004
487,13.70373558,-1.3329829600000007
488,13.14141166,-0.2374998700000006
489,14.58439135,2.005303610000002
490,12.99860149,-3.0287695500000016
491,13.94233027,2.529518639999999
492,13.35883336,-1.527225689999998
493,13.14583676,0.37050030999999883
494,13.14194539,0.20910523000000047
495,13.78288481,0.6448307900000003
496,13.2471014,-1.176722830000001
497,12.91791795,0.20659996000000014
498,13.08170823,0.492973730000001
499,12.56804083,-0.6774576800000016
500,12.74694261,0.6925691800000013
501,12.35284367,-0.5730007199999996
